1_0:12 332 625 757 1263 1914 2224 2443 2620 2705 3029 3071 3212 3302 4259 6749 9739 9918 12930 12984 13201 14612 
1_0:12 332 625 757 1293 1297 1647 2056 2224 2467 3302 4259 6749 9739 9918 12930 12984 13201 14612 
2_0:12 332 625 757 1293 1297 1341 1382 1399 1647 2022 2056 2224 2467 2734 2844 2971 2994 3302 4259 6749 9739 9918 12930 12984 13201 14612 
0_1:12 332 625 757 1293 1297 1647 2056 2224 2351 2734 3302 4259 6749 9739 9918 12930 12984 13201 14612 
1_0:12 332 625 757 1293 1297 1647 1984 2009 2056 2224 2351 2670 3016 3117 3302 4259 6749 9739 9918 12930 12984 13201 14612 
1_0:12 332 625 757 1315 1384 1461 1511 1512 1600 1620 1621 1907 2009 2045 2056 2080 2355 2901 3067 3302 4259 6749 9739 9918 12930 12984 13201 14612 
1_0:12 332 625 757 1297 1315 1793 1913 2009 2026 2056 2493 3221 3302 4259 6749 9739 9918 12930 12984 13201 14612 
1_0:12 332 625 757 1297 1315 1793 1852 2056 2140 2201 2224 2550 2655 2994 3115 3302 4259 6749 9739 9918 12930 12984 13201 14612 
1_0:12 332 625 757 1236 1315 1359 1413 1626 1647 1793 2056 2109 2140 2749 2987 2994 3302 4259 6749 9739 9918 12930 12984 13201 14612 
1_0:12 332 625 757 1266 1294 1297 1369 1647 2056 2224 2355 2626 2818 2908 3302 4259 6749 9739 9918 12930 12984 13201 14612 
1_0:12 332 625 757 1297 1369 1580 1782 2056 2165 2224 2355 2496 2918 3302 4259 6749 9739 9918 12930 12984 13201 14612 
1_0:12 332 625 757 1262 1297 1369 1647 2009 2056 2164 2224 2268 2287 2510 2555 2728 2987 3069 3109 3302 4259 6749 9739 9918 12930 12984 13201 14612 
1_0:12 332 625 757 1258 1297 1373 1382 1399 1511 1521 2009 2022 2056 2415 2971 3117 3302 4259 6749 9739 9918 12930 12984 13201 14612 
2_0:12 332 625 757 1297 1373 2056 2080 2129 2224 3302 4259 6749 9739 9918 12930 12984 13201 14612 
1_0:12 332 625 757 1273 1277 1293 1378 1384 1509 1968 2009 2056 2280 3177 3302 4259 6749 9739 9918 12930 12984 13201 14612 
1_0:12 332 625 757 1297 1315 1378 1512 1600 1620 1621 1684 1748 1786 1994 2045 2056 2224 2612 2864 2901 2994 3302 4259 6749 9739 9918 12930 12984 13201 14612 
1_0:12 332 625 757 1277 1315 1378 1647 1711 1793 2056 2080 2147 2224 2620 2987 3080 3302 4259 6749 9739 9918 12930 12984 13201 14612 
1_0:12 332 625 757 1297 1373 1378 1580 1626 1767 1793 1912 1929 2056 2129 2461 2829 2994 3002 3117 3123 3302 4259 6749 9739 9918 12930 12984 13201 14612 
1_0:12 332 625 757 1372 1378 1443 1484 1505 1647 1789 1793 2056 2204 2224 2496 2519 3302 4259 6749 9739 9918 12930 12984 13201 14612 
1_0:12 332 625 757 1378 1443 1484 1647 1682 1784 1789 2009 2056 2243 2351 2632 3302 4259 6749 9739 9918 12930 12984 13201 14612 
1_0:12 332 625 757 1297 1315 1378 1484 1512 1600 1620 1621 1647 2009 2012 2056 2080 2866 2901 2994 3212 3302 4259 6749 9739 9918 12930 12984 13201 14612 
1_0:12 332 625 757 1236 1297 1315 1329 1359 1378 1413 1478 1484 1793 2009 2018 2056 2109 2140 2535 2675 3302 4259 6749 9739 9918 12930 12984 13201 14612 
1_0:12 332 625 757 1315 1378 1484 1626 1793 1981 2056 2143 2490 2880 3054 3139 3224 3302 4259 6749 9739 9918 12930 12984 13201 14612 
1_0:12 332 625 757 1277 1378 1484 1495 1566 2046 2056 2085 2092 2101 2224 2346 2401 2465 2536 2670 2962 3118 3202 3302 4259 6749 9739 9918 12930 12984 13201 14612 
1_0:12 332 625 757 1297 1378 1484 1511 1512 1573 1600 1620 1621 1626 1647 1668 1934 2056 2450 2670 2844 2901 3302 4259 6749 9739 9918 12930 12984 13201 14612 
1_0:12 332 625 757 1378 1484 1682 1934 2009 2056 2632 2670 2712 2731 3126 3302 4259 6749 9739 9918 12930 12984 13201 14612 
1_0:12 332 625 757 1277 1297 1378 1384 1484 1566 2056 2224 2351 2798 3177 3302 4259 6749 9739 9918 12930 12984 13201 14612 
1_0:12 332 625 757 1277 1378 1484 1569 1647 2009 2014 2056 2204 2372 2802 3209 3302 4259 6749 9739 9918 12930 12984 13201 14612 
1_0:12 332 625 757 1277 1297 1378 1384 1484 1647 1948 2009 2056 2241 2880 3221 3302 4259 6749 9739 9918 12930 12984 13201 14612 
1_0:12 332 625 757 1378 1484 1647 1868 2056 2224 2248 2467 3224 3302 4259 6749 9739 9918 12930 12984 13201 14612 
1_0:12 332 625 757 1277 1297 1359 1378 1384 1484 1566 1626 1647 1916 2009 2056 2140 2160 2196 2355 2697 2967 3177 3302 4259 6749 9739 9918 12930 12984 13201 14612 
1_0:12 332 625 757 1378 1384 1484 1626 1647 2056 2712 3302 4259 6749 9739 9918 12930 12984 13201 14612 
1_0:12 332 625 757 1277 1297 1378 1484 1574 1600 1620 1626 2012 2056 2067 2713 2901 3004 3054 3093 3182 3245 3302 4259 6749 9739 9918 12930 12984 13201 14612 
1_0:12 332 625 757 1297 1378 1484 1505 1626 1811 2056 2224 2996 3243 3302 4259 6749 9739 9918 12930 12984 13201 14612 
1_0:12 332 625 757 1277 1378 1408 1484 1647 1675 1731 1903 1947 2009 2056 2059 2060 2124 2434 2972 3142 3191 3302 4259 6749 9739 9918 12930 12984 13201 14612 
1_0:12 332 625 757 1277 1297 1341 1378 1384 1399 1484 1647 2009 2022 2056 2085 2124 2196 2224 2724 2734 2971 3302 4259 6749 9739 9918 12930 12984 13201 14612 
1_0:12 332 625 757 1378 1384 1484 1488 1647 1675 1731 1903 1947 2056 2124 2143 2224 3069 3142 3191 3209 3302 4259 6749 9739 9918 12930 12984 13201 14612 
1_0:12 332 625 757 1378 1484 1647 1675 1731 1903 2056 2080 2124 2129 2224 2726 2798 2801 3054 3127 3142 3191 3302 4259 6749 9739 9918 12930 12984 13201 14612 
1_0:12 332 625 757 1277 1297 1378 1484 1810 1984 2056 2224 2397 2689 3177 3302 4259 6749 9739 9918 12930 12984 13201 14612 
1_0:12 332 625 757 1236 1277 1359 1378 1384 1484 1647 1916 2022 2056 2140 2196 2224 2397 2526 2801 2940 3123 3302 4259 6749 9739 9918 12930 12984 13201 14612 
1_0:12 332 625 757 1277 1378 1484 1511 1626 1647 1682 1845 2056 2085 2298 2325 2397 2415 2575 2866 3063 3202 3302 4259 6749 9739 9918 12930 12984 13201 14612 
1_0:12 332 625 757 1277 1355 1378 1484 1626 1647 2056 2188 2359 2397 2766 2994 3126 3302 4259 6749 9739 9918 12930 12984 13201 14612 
0_1:12 332 625 757 1277 1378 1484 1568 1647 2056 2132 2224 2397 2415 2954 3054 3302 4259 6749 9739 9918 12930 12984 13201 14612 
1_0:12 332 625 757 1277 1378 1384 1484 2009 2056 2197 2397 2801 3054 3224 3302 4259 6749 9739 9918 12930 12984 13201 14612 
1_0:12 332 625 757 1277 1297 1378 1442 1484 2009 2056 2224 2397 2670 3069 3177 3302 4259 6749 9739 9918 12930 12984 13201 14612 
1_0:12 332 625 757 1277 1323 1378 1484 1509 1511 1626 1731 1903 1912 2056 2143 2311 2397 2670 3119 3127 3142 3191 3302 4259 6749 9739 9918 12930 12984 13201 14612 
1_0:12 332 625 757 1277 1378 1484 2009 2056 2397 2415 2465 2670 2801 3123 3240 3302 4259 6749 9739 9918 12930 12984 13201 14612 
1_0:12 332 625 757 1258 1378 1382 1399 1408 1435 1484 1626 1647 2009 2022 2056 2196 2351 2397 2451 2844 3302 4259 6749 9739 9918 12930 12984 13201 14612 
1_0:12 332 625 757 1378 1484 1647 2009 2056 2062 2397 2726 2954 3013 3123 3302 4259 6749 9739 9918 12930 12984 13201 14612 
2_0:12 332 625 757 1236 1359 1378 1484 1511 1545 1568 1647 1851 1916 2056 2140 2224 2397 2670 3054 3115 3123 3302 4259 6749 9739 9918 12930 12984 13201 14612 
